img_gaussian_10: 13.584252056686946
img_gaussian_10_3box: 17.72721953590272
img_gaussian_10_5box: 14.861111022240896
img_gaussian_10_3med: 17.62511765275631
img_gaussian_10_5med: 15.989286241723876
img_gaussian_10_openclose: 13.22802449481047
img_gaussian_10_closeopen: 13.613595060510947
img_gaussian_30: 2.8297819147511665
img_gaussian_30_3box: 10.78687817886319
img_gaussian_30_5box: 11.756716106472334
img_gaussian_30_3med: 10.869101403733318
img_gaussian_30_5med: 12.643379610032362
img_gaussian_30_openclose: 10.972987582417982
img_gaussian_30_closeopen: 7.8999976946866814
img_snp_005: 0.9547153954811728
img_snp_005_3box: 9.47069267216548
img_snp_005_5box: 11.1739412794583
img_snp_005_3med: 19.226695192768076
img_snp_005_5med: 16.39342240091877
img_snp_005_openclose: 5.723496693892866
img_snp_005_closeopen: 5.432227180191979
img_snp_01: -2.087889622566724
img_snp_01_3box: 6.335964694383481
img_snp_01_5box: 8.510786158545908
img_snp_01_3med: 14.874359274083591
img_snp_01_5med: 15.758375787402812
img_snp_01_openclose: -2.048971796608155
img_snp_01_closeopen: -2.6061594781733977
